53364232371321
3155731567645273
3577733412147
2137152662441
17114543145531432
15633415317151
24123473676267243
243433577376
1446446261736477
313175553122
532655672166522533472517
77753737744415216461
3553755257377
432172337
7777154446754422
35225524257631237671144113
373365356113761542147
731553742533523467422
2515762434424
71332733723325112724
2476132433
4665472564727755574633
363146541315513437634
5165336373
46174471365312173427471371326
2173215613
1724246433
257463751122461
64176671
35734663537
42241215237776
174374776732212
51166576747
66265445234234774
32545444464621337
3424243262217
7327736226264512573
7711454222
7427525125444
1277543665624577144653746
5417555465252
26457254517334
51263713
34257637
21142374
5153254437376566444314722
5242671356
65346357673731
571413254571361134
346611331342337
3436537126623643773
715533413
22667752
426541256314474
21547173174114633
34255172656
7236617563667
56311754753424762
2146231471
65325657547
3743253556
655325466213336654144725
4362142133456237361415
2461262675115
54226645764
56577771153623112322
2327643233657762
364117431445224151342
562315365155416722
2165355562
1472525627627147732
224311343533
44536164355646
367677416432156
42372164
77266441174
5311724244277
623172477127433174
6756231755734224
1622437145317725
574417212443
6721626251
457537433
6744125253275715225
2745355122233377
5552474664544347
255434624365723662
5723512416341352
372155123
53346475
2415341656523
1551741215317757
422743575
255244674412
632227277
653771124552662441
7277756345
123316162421
753262367517
312263641
2735426173274761357237643
676456625
11177724526
245371474122154
7736416365446317421
134212332
45734527765
4765174553512663241554
72515772
7272534123133545512624
162547447
555522262764422657
27716272136436742635
176226436166521
3114774331665
74165321625215713
21122621376526
32341472214
5764451565445465
56243265551673
26436744222
66777447
3176124327663221172557775141
23745457512265
534457674176
31142423263
6353335567262347
24643775524
11145346157762636646
713222265115521
5261175255142
46355753452726
6134752565
1664512543766557421211
75113654466465361121
16372567
521416162137
3772322155223
25646175454211644355
35664531375
522651224376
213631253361256755
236761264253
7133322262641664273656154
76423572675254542212156
34147426
3623275162556
77536776527
26675211756336741464733132571
6133655417566
61367375672545
64143442
5763772336723253
25142714421571
5171151775376441
27175356116
146522557677123666725444
12627171175774
155466156617216653
7511425135723561521427
15132553372
6722251263741446626
2135754272
6335135522712
73225257772511327565
666111567131
64436536
747645213663564516617
3226755354676542327665
3736245154674244627435272563
2172746112473234562653
7457323516322545567
715663366
567471364737344661
35514415
61777474627
37743745433
743371525723
241243666
22577461431771143563223636
76355644
75676244
3376672421747212774
673357233373
3246424622237335
744576762225356726114247637
761647147543644
43214773
1355323354423
53327546643165
6466442747757414751
7721317277455633
377173476
742671457
75534663153342
623466213367424361
156153531446271477654722
152433456347255221
74656632774472272
765234427256
115513634315272677
571545545434
222244135277
3755461576327127322361325
7427544511434
116316343224
6713433515
14322743244712
352423175374615666641125
1576774147
2627332236352657725
2716111625
736475467731576456574
371131747
72547226256
533534773
457147426532
536713513173223
2772322311661
213341123
6752654165
4233653266161
25542123661
51461365433414
63645511
626622773314
35264172451647563
3473153225275724
75115553137211571
3446274443
15222564176615537462
77677531751712531436
412411223
7466354543117713
43411773
157457411454736
365115475
7153713257731112
6115455233426646
2124743275643615112
54562774343647255
154377472114571
4512655576746
5543741255366
7446455735171121
375471375
716714671212223243
2546372166413
576176212
15644771711723724276
655256155672
12316772647712361
272472751266531335634376
1734654175622137
4325554347
321362773131
23642526
247672422443776751361
24724261176311612451
2545445217
636554213614531631644
25461762764
4713656223235
25775472616
216352245712655
1563357177162313
31675237736575176153
34237237127453571553775561
5626116222
122237336555271245316475
26715711124225
56751131676266467412745575
66434262263
36555261657675
211167625435724
73225551
24424323
722733124232637165116524
373772377247
16723531352165
41462365626313271571127
276545324571646
62555714411
22114317425465
71251476246276
25361512217447564231
376533414
2254536667113
165222236141235773
143164641265275527432
21576122525734227166454313
154754525642
4125213461747
24565343462551767453141741
12355562152
13414337632121155453717576244745
173761333
132566354
222634176
22356552444
546314364
23635767256512511662
53636425425524634
6622645424
75733545
522176355274
272626141477714
53372126154116
5467114636754772425
165674447
35541126443674427723
2373752467765742
13666327277241155
36151341
55323143
261572466354617
3721133246334
462574142
537527366575563711476151
54667667225615516
7132343466
27373532465441
13272657235
7175443712216511465727
732545525271573
736647222267
556356261
61517232
26326333776225116655
226352317
27627667652467542751332575
544126333465456167247456
53323535
757422356
117655513713367246253
46614425
416543172
225631762625
47772752614172657
147412641366614761362
47723743723635221164436523561
27174416711
236527614341652355
21131764556713
2646637245314726553
34535627127
736764551125611143363364644
351555772631
32344166672
72261122767
27672442
242546311366462172642
154733147553
4144253745
36674344
2475667744147634
713571764
5647563342375533
73432635613323167
761252674534227622165
64727541366345571
75411653
41321552
755724675216
21773173645717
557646252717437153432
15547333753
2556422642761214752
635745472231643652461233
4211713257762
352177267
546513342451174644722
23757141741135
155532123
6673551123333657
652773766625155
122371215
4174356777331444372363756
77475627561112451
617721256
41735524
62173556346617173
312265276
5765326764211156722223
75217516562773445514
16225276343
367416557112
45211222673667112155633335
7775337121
61552247466162566351
1743671357
25335377533
5133371457246
211733743313
41135742431616
45654573551
75647652643466713
74423773743141462432
7332715117
51353452672142
627375377
33165572272261
213634212217
27535642
22645221733267154544427567
753534267
667556127123774617375
633443435571775757145
37324161426622164
54567314676
2511415361
252271177435115664367
5517612241265667416643
357744311674224276475
2642555445
564166453
416111577123
2246741664145675471347227176
632511521116461775
2772642335111735716734
2426326514
24733634
773652541764174
5542633227616145
5372571622125267
363331563766
53426456
372323542543375637777
467774742543
53761663222536126446
653427626623725432
622551526763723
53432676555
1641147222
2352275221
62466157215
4217273471
52257466762
143675554275
16235533
46641752334556175361647554
7662315611321
4773164564
3364771633734736651
142346244
7152752344534426644
27613425151
755345256217456113227713115
5421136263
1232355115142
44774431264
437151355631
6353361114625
75366716144331474211
33644723636244
71374344337432127617213
3331526566641431
15111762412662126
47615774
14145564
31261277432
4533714434721423731
43113761
3761464331
22472161676576475433715313113
76314143121212517
6721542166327666243
7567454526531364666
54655117513751774
36312352366162212
66116351131
25724721
7166463711313425221274446
5171273472316223234513
73242652522
5644125736743
222717215
64417653662614426
7433641234
74426522517244
522224141115
152754123
52672134755462453157112
441532113453737731
4277163241
74754633352357772126
2457313213214223615271
253211163672
7746767743
233656647767173
762174623227345441166576737216
52353356411
27514663734
2623176765
115534546433
37147274764
232341712
22273667776754533364712546621
25573434346216431476371
365255241555623672267
6364131166476
6472752667772544725
372322535
57144347322
5224512666254
211746366546
47675321415
33316467272426524517
353546724336327
433126671235531
33612555
6173171355562755
311263763226756177363111475
735612567525614346721317573
5554656265
337221533
3357561212661
5173311344
27633153315236
71656624
2214664611242342515372715
534447751
77533757
75557273514624
3173144564526717217
171577457766341254667
54121267775416554635276
271665655517536
275327722424
3415353277255
167461451
242256451125142
36457373711
177517467253574575
64554374361544727733
6147164411743617
713747722642545445175161
662243436
1124766536
146441252713753157477
351353372263
5213733135657124266256367
3125434513
5435343361274
6755524255632346232
31253736256627
41711575565646
66717264514221333277136564
1517311144313
71411357121
412777371163363215714126
47627343776213567
4773464532366447
162122134754
3174651126472
343272137521
1265515333
7133761436
15236142562327563
1524657276215
21324136147
453614367357471651
34421326534374515571
77633542352
6464113445523
5437216643112442472
31666237624524
14541726515517246665423
151327451453
25736634
4725641655
5165666752454116637
56255213531577273372176
716563631673
472466162744
74522757655524713531
17721727257431
32153124645536
651717442643137771134
2625221676
254161631615773431327412
2446732113167633
2264456774
415216746757
7745455334567234
51254246
736535561343261533245
32743122167614214275476
7376546731537
3321647142145176333431
7126544573631316162226416
7126311215523551214
51325556142146471